0.0 0.5365623462554093
0.006 0.544112774481159
0.012 0.549233410644899
0.018 0.5534905669849494
0.024 0.5549062722772774
0.03 0.5542938040302419
0.036 0.5526873299396569
0.042 0.548851873048385
0.048 0.5419038726066047
0.05399999999999999 0.5335502073355624
0.06 0.5235800275108689
0.066 0.5125154372119642
0.072 0.5008885809813549
0.078 0.48783597899535125
0.084 0.46963261945640933
0.09 0.45686115043625813
0.096 0.4440896814161069
0.102 0.43169974999246963
0.10799999999999998 0.4197515989437433
0.114 0.4083657138267217
0.12 0.39780314668112493
0.126 0.3888470536261132
0.132 0.38034278140907857
0.13799999999999998 0.3729831219815858
0.144 0.36625601172726086
0.15 0.36135626575097646
0.156 0.35604486078897957
0.162 0.3517174212074661
0.168 0.34737994116288645
0.174 0.34441800455837024
0.18 0.34232958824060966
0.18599999999999997 0.34053234535176763
0.192 0.33888570940891793
0.198 0.3377611775455084
0.204 0.3367872526280912
0.21 0.33596393465666635
0.21599999999999997 0.33513057622217535
0.222 0.33466871492113215
0.228 0.33434742010301516
0.23399999999999999 0.3340261252848981
0.24 0.3338052350974427
0.24599999999999997 0.3337148709298473
0.252 0.3335743044469211
0.258 0.33349398074239184
0.264 0.3334538188901272
0.27 0.3334437784270611
0.27599999999999997 0.3334337379639949
0.282 0.33337349518559795
0.288 0.33337349518559795
0.294 0.33335341425946563
