0.0 0.49433757134660106
0.006 0.5003573621639034
0.012 0.5044041111748658
0.018 0.5017666777398605
0.024 0.4963005466131127
0.03 0.4883580466886117
0.036 0.4742749574688692
0.042 0.4594268112221786
0.048 0.4449913931084468
0.05399999999999999 0.42889499592305136
0.06 0.41277846565799936
0.066 0.39767865591560214
0.072 0.3840686940677881
0.078 0.37285456869910105
0.084 0.3598385327011546
0.09 0.352781888281541
0.096 0.34752715449118676
0.102 0.3434804054802243
0.10799999999999998 0.34022891311569475
0.114 0.3382156051500418
0.12 0.33658482569786285
0.126 0.3354070405379559
0.132 0.3346923162101491
0.13799999999999998 0.3343198542365033
0.144 0.33392725918320093
0.15 0.33366552914766606
0.156 0.3335447306697269
0.162 0.3334843314307573
0.168 0.33338366603247466
0.174 0.3333635329528181
0.18 0.3333635329528181
0.18599999999999997 0.33335346641298985
0.192 0.3333333333333333
0.198 0.3333333333333333
0.204 0.3333333333333333
0.21 0.3333333333333333
0.21599999999999997 0.3333333333333333
0.222 0.3333333333333333
0.228 0.3333333333333333
0.23399999999999999 0.3333333333333333
0.24 0.3333333333333333
0.24599999999999997 0.3333333333333333
0.252 0.3333333333333333
0.258 0.3333333333333333
0.264 0.3333333333333333
0.27 0.3333333333333333
0.27599999999999997 0.3333333333333333
0.282 0.3333333333333333
0.288 0.3333333333333333
0.294 0.3333333333333333
